# DESCRIPTION: Verilator output: Timestamp data for --skip-identical.  Delete at will.
C "-Wall --debug -cc microaddr.v microaddr_counter.v -prefix Microaddr --exe microaddr_counter_test.cpp -CFLAGS -std=c++11"
S   9458528  9975205  1594665919   359134879  1581264640           0 "/usr/bin/verilator_bin_dbg"
S       117  4337300  1595002839   906877859  1595002839   906877859 "microaddr.v"
S       483  4337301  1595002943   287106342  1595002943   287106342 "microaddr_counter.v"
T      6937  4337157  1595029688   465323751  1595029688   465323751 "obj_dir/Microaddr.cpp"
T      2791  4337149  1595029688   465323751  1595029688   465323751 "obj_dir/Microaddr.h"
T      1870  4337192  1595029688   469323800  1595029688   469323800 "obj_dir/Microaddr.mk"
T     11974  4344776  1595029688   465323751  1595029688   465323751 "obj_dir/Microaddr.xml"
T       287  4344705  1595029688   425323260  1595029688   425323260 "obj_dir/Microaddr_001_linkcells.dot"
T      6739  4344706  1595029688   425323260  1595029688   425323260 "obj_dir/Microaddr_002_cells.tree"
T        87  4344707  1595029688   429323308  1595029688   429323308 "obj_dir/Microaddr_007_link.tree"
T        87  4344708  1595029688   429323308  1595029688   429323308 "obj_dir/Microaddr_009_paramlink.tree"
T      8968  4344709  1595029688   429323308  1595029688   429323308 "obj_dir/Microaddr_011_width.tree"
T      8130  4344710  1595029688   433323358  1595029688   433323358 "obj_dir/Microaddr_013_const.tree"
T        87  4344711  1595029688   433323358  1595029688   433323358 "obj_dir/Microaddr_014_assertpre.tree"
T     11298  4344712  1595029688   433323358  1595029688   433323358 "obj_dir/Microaddr_015_assert.tree"
T     11065  4344713  1595029688   433323358  1595029688   433323358 "obj_dir/Microaddr_017_const.tree"
T     10885  4344714  1595029688   437323407  1595029688   437323407 "obj_dir/Microaddr_020_begin.tree"
T        87  4344715  1595029688   437323407  1595029688   437323407 "obj_dir/Microaddr_021_tristate.tree"
T        87  4344716  1595029688   437323407  1595029688   437323407 "obj_dir/Microaddr_022_unknown.tree"
T     11887  4344717  1595029688   437323407  1595029688   437323407 "obj_dir/Microaddr_023_inline.tree"
T     11717  4344718  1595029688   437323407  1595029688   437323407 "obj_dir/Microaddr_025_const.tree"
T      9169  4344719  1595029688   441323456  1595029688   441323456 "obj_dir/Microaddr_026_deadDtypes.tree"
T        89  4344720  1595029688   441323456  1595029688   441323456 "obj_dir/Microaddr_027_inst.tree"
T        89  4344721  1595029688   441323456  1595029688   441323456 "obj_dir/Microaddr_028_const.tree"
T     13791  4344722  1595029688   441323456  1595029688   441323456 "obj_dir/Microaddr_029_scope.tree"
T     13661  4344723  1595029688   441323456  1595029688   441323456 "obj_dir/Microaddr_030_linkdot.tree"
T        89  4344724  1595029688   441323456  1595029688   441323456 "obj_dir/Microaddr_031_const.tree"
T     13603  4344725  1595029688   441323456  1595029688   441323456 "obj_dir/Microaddr_032_deadDtypesScoped.tree"
T     16407  4344726  1595029688   445323506  1595029688   445323506 "obj_dir/Microaddr_033_case.tree"
T       183  4344727  1595029688   445323506  1595029688   445323506 "obj_dir/Microaddr_034_task_call.dot"
T        89  4344728  1595029688   445323506  1595029688   445323506 "obj_dir/Microaddr_035_task.tree"
T        89  4344729  1595029688   445323506  1595029688   445323506 "obj_dir/Microaddr_037_unroll.tree"
T        89  4344730  1595029688   445323506  1595029688   445323506 "obj_dir/Microaddr_038_slice.tree"
T     13545  4344731  1595029688   449323555  1595029688   449323555 "obj_dir/Microaddr_039_const.tree"
T        89  4344732  1595029688   449323555  1595029688   449323555 "obj_dir/Microaddr_040_life.tree"
T        89  4344733  1595029688   449323555  1595029688   449323555 "obj_dir/Microaddr_041_table.tree"
T        89  4344734  1595029688   449323555  1595029688   449323555 "obj_dir/Microaddr_042_const.tree"
T        89  4344735  1595029688   449323555  1595029688   449323555 "obj_dir/Microaddr_043_deadDtypesScoped.tree"
T     13910  4344736  1595029688   449323555  1595029688   449323555 "obj_dir/Microaddr_044_active.tree"
T     14202  4344737  1595029688   449323555  1595029688   449323555 "obj_dir/Microaddr_045_split.tree"
T        89  4344738  1595029688   453323604  1595029688   453323604 "obj_dir/Microaddr_046_splitas.tree"
T      2794  4344739  1595029688   453323604  1595029688   453323604 "obj_dir/Microaddr_047_gate_simp.dot"
T      2487  4344740  1595029688   453323604  1595029688   453323604 "obj_dir/Microaddr_048_gate_opt.dot"
T     10604  4344741  1595029688   453323604  1595029688   453323604 "obj_dir/Microaddr_049_gate.tree"
T        89  4344742  1595029688   453323604  1595029688   453323604 "obj_dir/Microaddr_050_const.tree"
T      9057  4344743  1595029688   453323604  1595029688   453323604 "obj_dir/Microaddr_051_deadAllScoped.tree"
T        89  4344744  1595029688   453323604  1595029688   453323604 "obj_dir/Microaddr_052_reorder.tree"
T     10682  4344745  1595029688   453323604  1595029688   453323604 "obj_dir/Microaddr_053_delayed.tree"
T     14779  4344746  1595029688   453323604  1595029688   453323604 "obj_dir/Microaddr_054_activetop.tree"
T      4483  4344747  1595029688   453323604  1595029688   453323604 "obj_dir/Microaddr_055_orderg_pre.dot"
T       137  4344748  1595029688   453323604  1595029688   453323604 "obj_dir/Microaddr_056_acyc_simp.dot"
T      4484  4344749  1595029688   457323653  1595029688   457323653 "obj_dir/Microaddr_057_orderg_acyc.dot"
T      4635  4344750  1595029688   457323653  1595029688   457323653 "obj_dir/Microaddr_058_orderg_order.dot"
T      4636  4344751  1595029688   457323653  1595029688   457323653 "obj_dir/Microaddr_059_orderg_domain.dot"
T       973  4344752  1595029688   457323653  1595029688   457323653 "obj_dir/Microaddr_060_order_edges.txt"
T      4634  4344753  1595029688   457323653  1595029688   457323653 "obj_dir/Microaddr_061_orderg_done.dot"
T     15678  4344754  1595029688   457323653  1595029688   457323653 "obj_dir/Microaddr_062_order.tree"
T        89  4344755  1595029688   457323653  1595029688   457323653 "obj_dir/Microaddr_063_genclk.tree"
T     17237  4344756  1595029688   457323653  1595029688   457323653 "obj_dir/Microaddr_064_clock.tree"
T        89  4344757  1595029688   457323653  1595029688   457323653 "obj_dir/Microaddr_065_const.tree"
T        89  4344758  1595029688   457323653  1595029688   457323653 "obj_dir/Microaddr_066_life.tree"
T     16564  4344759  1595029688   457323653  1595029688   457323653 "obj_dir/Microaddr_067_life_post.tree"
T     15967  4344760  1595029688   461323703  1595029688   461323703 "obj_dir/Microaddr_068_const.tree"
T     15693  4344761  1595029688   461323703  1595029688   461323703 "obj_dir/Microaddr_069_deadAllScoped.tree"
T     15822  4344762  1595029688   461323703  1595029688   461323703 "obj_dir/Microaddr_070_changed.tree"
T     12008  4344763  1595029688   461323703  1595029688   461323703 "obj_dir/Microaddr_071_descope.tree"
T      8954  4344764  1595029688   461323703  1595029688   461323703 "obj_dir/Microaddr_073_combine.tree"
T        89  4344765  1595029688   461323703  1595029688   461323703 "obj_dir/Microaddr_074_const.tree"
T        89  4344766  1595029688   461323703  1595029688   461323703 "obj_dir/Microaddr_075_deadAll.tree"
T     10532  4344767  1595029688   461323703  1595029688   461323703 "obj_dir/Microaddr_076_clean.tree"
T        89  4344768  1595029688   461323703  1595029688   461323703 "obj_dir/Microaddr_077_premit.tree"
T        89  4344769  1595029688   461323703  1595029688   461323703 "obj_dir/Microaddr_078_expand.tree"
T        89  4344770  1595029688   461323703  1595029688   461323703 "obj_dir/Microaddr_079_const_cpp.tree"
T        89  4344771  1595029688   461323703  1595029688   461323703 "obj_dir/Microaddr_080_subst.tree"
T        89  4344772  1595029688   461323703  1595029688   461323703 "obj_dir/Microaddr_081_const_cpp.tree"
T     10285  4344773  1595029688   465323751  1595029688   465323751 "obj_dir/Microaddr_082_deadAll.tree"
T     11129  4344774  1595029688   465323751  1595029688   465323751 "obj_dir/Microaddr_085_cast.tree"
T     15230  4344775  1595029688   465323751  1595029688   465323751 "obj_dir/Microaddr_086_cuse.tree"
T     15795  4344778  1595029688   469323800  1595029688   469323800 "obj_dir/Microaddr_990_final.tree"
T       587  4337145  1595029688   465323751  1595029688   465323751 "obj_dir/Microaddr__Syms.cpp"
T       835  4337148  1595029688   465323751  1595029688   465323751 "obj_dir/Microaddr__Syms.h"
T     21430  4344777  1595029688   469323800  1595029688   469323800 "obj_dir/Microaddr__stats.txt"
T      2956  4344689  1595029688   469323800  1595029688   469323800 "obj_dir/Microaddr__ver.d"
T         0        0  1595029688   469323800  1595029688   469323800 "obj_dir/Microaddr__verFiles.dat"
T      1273  4337190  1595029688   469323800  1595029688   469323800 "obj_dir/Microaddr_classes.mk"
T       674  4337188  1595029688   465323751  1595029688   465323751 "obj_dir/Microaddr_microaddr.cpp"
T       963  4337186  1595029688   465323751  1595029688   465323751 "obj_dir/Microaddr_microaddr.h"
T       242  4344703  1595029688   417323162  1595029688   417323162 "obj_dir/Microaddr_microaddr.vpp"
T       774  4344704  1595029688   425323260  1595029688   425323260 "obj_dir/Microaddr_microaddr_counter.vpp"
